country_of_birth,year_2010,year_2011,year_2012,year_2013,year_2014,year_2015,year_2016,year_2017,year_2018,total
China,51,24,14,11,4,3,1,0,0,108
India,19,8,3,7,2,0,0,2,0,41
Philippines,37,29,20,18,22,20,18,9,15,188
South Korea,19,26,14,13,4,14,14,19,17,140
Taiwan,27,29,46,41,30,16,24,21,15,249
Thailand,13,16,16,11,13,18,10,9,6,112
Other,51,25,25,13,8,11,2,5,4,144
Total ,217,157,138,114,83,82,69,65,57,982
